
Iteración: 1
Nodo actual: (5,1)
Nodos generados: (5,2) (4,2) (6,2) 
Nodos inspeccionados: (5,1) 

Iteración: 2
Nodo actual: (5,2)
Nodos generados: (5,2) (4,2) (6,2) (5,3) (4,3) (6,3) 
Nodos inspeccionados: (5,1) (5,2) 

Iteración: 3
Nodo actual: (6,2)
Nodos generados: (5,2) (4,2) (6,2) (5,3) (4,3) (6,3) (7,2) (7,3) 
Nodos inspeccionados: (5,1) (5,2) (6,2) 

Iteración: 4
Nodo actual: (4,2)
Nodos generados: (5,2) (4,2) (6,2) (5,3) (4,3) (6,3) (7,2) (7,3) (3,2) (3,3) 
Nodos inspeccionados: (5,1) (5,2) (6,2) (4,2) 

Iteración: 5
Nodo actual: (5,3)
Nodos generados: (5,2) (4,2) (6,2) (5,3) (4,3) (6,3) (7,2) (7,3) (3,2) (3,3) (6,4) 
Nodos inspeccionados: (5,1) (5,2) (6,2) (4,2) (5,3) 

Iteración: 6
Nodo actual: (6,3)
Nodos generados: (5,2) (4,2) (6,2) (5,3) (4,3) (6,3) (7,2) (7,3) (3,2) (3,3) (6,4) (7,4) 
Nodos inspeccionados: (5,1) (5,2) (6,2) (4,2) (5,3) (6,3) 

Iteración: 7
Nodo actual: (4,3)
Nodos generados: (5,2) (4,2) (6,2) (5,3) (4,3) (6,3) (7,2) (7,3) (3,2) (3,3) (6,4) (7,4) 
Nodos inspeccionados: (5,1) (5,2) (6,2) (4,2) (5,3) (6,3) (4,3) 

Iteración: 8
Nodo actual: (7,2)
Nodos generados: (5,2) (4,2) (6,2) (5,3) (4,3) (6,3) (7,2) (7,3) (3,2) (3,3) (6,4) (7,4) (8,2) (8,3) 
Nodos inspeccionados: (5,1) (5,2) (6,2) (4,2) (5,3) (6,3) (4,3) (7,2) 

Iteración: 9
Nodo actual: (7,3)
Nodos generados: (5,2) (4,2) (6,2) (5,3) (4,3) (6,3) (7,2) (7,3) (3,2) (3,3) (6,4) (7,4) (8,2) (8,3) 
Nodos inspeccionados: (5,1) (5,2) (6,2) (4,2) (5,3) (6,3) (4,3) (7,2) (7,3) 

Iteración: 10
Nodo actual: (3,2)
Nodos generados: (5,2) (4,2) (6,2) (5,3) (4,3) (6,3) (7,2) (7,3) (3,2) (3,3) (6,4) (7,4) (8,2) (8,3) (2,2) (2,3) 
Nodos inspeccionados: (5,1) (5,2) (6,2) (4,2) (5,3) (6,3) (4,3) (7,2) (7,3) (3,2) 

Iteración: 11
Nodo actual: (6,4)
Nodos generados: (5,2) (4,2) (6,2) (5,3) (4,3) (6,3) (7,2) (7,3) (3,2) (3,3) (6,4) (7,4) (8,2) (8,3) (2,2) (2,3) (6,5) (7,5) 
Nodos inspeccionados: (5,1) (5,2) (6,2) (4,2) (5,3) (6,3) (4,3) (7,2) (7,3) (3,2) (6,4) 

Iteración: 12
Nodo actual: (3,3)
Nodos generados: (5,2) (4,2) (6,2) (5,3) (4,3) (6,3) (7,2) (7,3) (3,2) (3,3) (6,4) (7,4) (8,2) (8,3) (2,2) (2,3) (6,5) (7,5) 
Nodos inspeccionados: (5,1) (5,2) (6,2) (4,2) (5,3) (6,3) (4,3) (7,2) (7,3) (3,2) (6,4) (3,3) 

Iteración: 13
Nodo actual: (7,4)
Nodos generados: (5,2) (4,2) (6,2) (5,3) (4,3) (6,3) (7,2) (7,3) (3,2) (3,3) (6,4) (7,4) (8,2) (8,3) (2,2) (2,3) (6,5) (7,5) 
Nodos inspeccionados: (5,1) (5,2) (6,2) (4,2) (5,3) (6,3) (4,3) (7,2) (7,3) (3,2) (6,4) (3,3) (7,4) 

Iteración: 14
Nodo actual: (8,2)
Nodos generados: (5,2) (4,2) (6,2) (5,3) (4,3) (6,3) (7,2) (7,3) (3,2) (3,3) (6,4) (7,4) (8,2) (8,3) (2,2) (2,3) (6,5) (7,5) (9,2) (9,3) 
Nodos inspeccionados: (5,1) (5,2) (6,2) (4,2) (5,3) (6,3) (4,3) (7,2) (7,3) (3,2) (6,4) (3,3) (7,4) (8,2) 

Iteración: 15
Nodo actual: (6,5)
Nodos generados: (5,2) (4,2) (6,2) (5,3) (4,3) (6,3) (7,2) (7,3) (3,2) (3,3) (6,4) (7,4) (8,2) (8,3) (2,2) (2,3) (6,5) (7,5) (9,2) (9,3) (6,6) (7,6) 
Nodos inspeccionados: (5,1) (5,2) (6,2) (4,2) (5,3) (6,3) (4,3) (7,2) (7,3) (3,2) (6,4) (3,3) (7,4) (8,2) (6,5) 

Iteración: 16
Nodo actual: (8,3)
Nodos generados: (5,2) (4,2) (6,2) (5,3) (4,3) (6,3) (7,2) (7,3) (3,2) (3,3) (6,4) (7,4) (8,2) (8,3) (2,2) (2,3) (6,5) (7,5) (9,2) (9,3) (6,6) (7,6) 
Nodos inspeccionados: (5,1) (5,2) (6,2) (4,2) (5,3) (6,3) (4,3) (7,2) (7,3) (3,2) (6,4) (3,3) (7,4) (8,2) (6,5) (8,3) 

Iteración: 17
Nodo actual: (2,2)
Nodos generados: (5,2) (4,2) (6,2) (5,3) (4,3) (6,3) (7,2) (7,3) (3,2) (3,3) (6,4) (7,4) (8,2) (8,3) (2,2) (2,3) (6,5) (7,5) (9,2) (9,3) (6,6) (7,6) 
Nodos inspeccionados: (5,1) (5,2) (6,2) (4,2) (5,3) (6,3) (4,3) (7,2) (7,3) (3,2) (6,4) (3,3) (7,4) (8,2) (6,5) (8,3) (2,2) 

Iteración: 18
Nodo actual: (2,3)
Nodos generados: (5,2) (4,2) (6,2) (5,3) (4,3) (6,3) (7,2) (7,3) (3,2) (3,3) (6,4) (7,4) (8,2) (8,3) (2,2) (2,3) (6,5) (7,5) (9,2) (9,3) (6,6) (7,6) 
Nodos inspeccionados: (5,1) (5,2) (6,2) (4,2) (5,3) (6,3) (4,3) (7,2) (7,3) (3,2) (6,4) (3,3) (7,4) (8,2) (6,5) (8,3) (2,2) (2,3) 

Iteración: 19
Nodo actual: (7,5)
Nodos generados: (5,2) (4,2) (6,2) (5,3) (4,3) (6,3) (7,2) (7,3) (3,2) (3,3) (6,4) (7,4) (8,2) (8,3) (2,2) (2,3) (6,5) (7,5) (9,2) (9,3) (6,6) (7,6) 
Nodos inspeccionados: (5,1) (5,2) (6,2) (4,2) (5,3) (6,3) (4,3) (7,2) (7,3) (3,2) (6,4) (3,3) (7,4) (8,2) (6,5) (8,3) (2,2) (2,3) (7,5) 

Iteración: 20
Nodo actual: (6,6)
Nodos generados: (5,2) (4,2) (6,2) (5,3) (4,3) (6,3) (7,2) (7,3) (3,2) (3,3) (6,4) (7,4) (8,2) (8,3) (2,2) (2,3) (6,5) (7,5) (9,2) (9,3) (6,6) (7,6) (6,7) (7,7) 
Nodos inspeccionados: (5,1) (5,2) (6,2) (4,2) (5,3) (6,3) (4,3) (7,2) (7,3) (3,2) (6,4) (3,3) (7,4) (8,2) (6,5) (8,3) (2,2) (2,3) (7,5) (6,6) 

Iteración: 21
Nodo actual: (9,2)
Nodos generados: (5,2) (4,2) (6,2) (5,3) (4,3) (6,3) (7,2) (7,3) (3,2) (3,3) (6,4) (7,4) (8,2) (8,3) (2,2) (2,3) (6,5) (7,5) (9,2) (9,3) (6,6) (7,6) (6,7) (7,7) (10,2) (10,3) 
Nodos inspeccionados: (5,1) (5,2) (6,2) (4,2) (5,3) (6,3) (4,3) (7,2) (7,3) (3,2) (6,4) (3,3) (7,4) (8,2) (6,5) (8,3) (2,2) (2,3) (7,5) (6,6) (9,2) 

Iteración: 22
Nodo actual: (9,3)
Nodos generados: (5,2) (4,2) (6,2) (5,3) (4,3) (6,3) (7,2) (7,3) (3,2) (3,3) (6,4) (7,4) (8,2) (8,3) (2,2) (2,3) (6,5) (7,5) (9,2) (9,3) (6,6) (7,6) (6,7) (7,7) (10,2) (10,3) 
Nodos inspeccionados: (5,1) (5,2) (6,2) (4,2) (5,3) (6,3) (4,3) (7,2) (7,3) (3,2) (6,4) (3,3) (7,4) (8,2) (6,5) (8,3) (2,2) (2,3) (7,5) (6,6) (9,2) (9,3) 

Iteración: 23
Nodo actual: (7,6)
Nodos generados: (5,2) (4,2) (6,2) (5,3) (4,3) (6,3) (7,2) (7,3) (3,2) (3,3) (6,4) (7,4) (8,2) (8,3) (2,2) (2,3) (6,5) (7,5) (9,2) (9,3) (6,6) (7,6) (6,7) (7,7) (10,2) (10,3) 
Nodos inspeccionados: (5,1) (5,2) (6,2) (4,2) (5,3) (6,3) (4,3) (7,2) (7,3) (3,2) (6,4) (3,3) (7,4) (8,2) (6,5) (8,3) (2,2) (2,3) (7,5) (6,6) (9,2) (9,3) (7,6) 

Iteración: 24
Nodo actual: (6,7)
Nodos generados: (5,2) (4,2) (6,2) (5,3) (4,3) (6,3) (7,2) (7,3) (3,2) (3,3) (6,4) (7,4) (8,2) (8,3) (2,2) (2,3) (6,5) (7,5) (9,2) (9,3) (6,6) (7,6) (6,7) (7,7) (10,2) (10,3) (6,8) (5,8) (7,8) 
Nodos inspeccionados: (5,1) (5,2) (6,2) (4,2) (5,3) (6,3) (4,3) (7,2) (7,3) (3,2) (6,4) (3,3) (7,4) (8,2) (6,5) (8,3) (2,2) (2,3) (7,5) (6,6) (9,2) (9,3) (7,6) (6,7) 

Iteración: 25
Nodo actual: (7,7)
Nodos generados: (5,2) (4,2) (6,2) (5,3) (4,3) (6,3) (7,2) (7,3) (3,2) (3,3) (6,4) (7,4) (8,2) (8,3) (2,2) (2,3) (6,5) (7,5) (9,2) (9,3) (6,6) (7,6) (6,7) (7,7) (10,2) (10,3) (6,8) (5,8) (7,8) (8,8) 
Nodos inspeccionados: (5,1) (5,2) (6,2) (4,2) (5,3) (6,3) (4,3) (7,2) (7,3) (3,2) (6,4) (3,3) (7,4) (8,2) (6,5) (8,3) (2,2) (2,3) (7,5) (6,6) (9,2) (9,3) (7,6) (6,7) (7,7) 

Iteración: 26
Nodo actual: (10,2)
Nodos generados: (5,2) (4,2) (6,2) (5,3) (4,3) (6,3) (7,2) (7,3) (3,2) (3,3) (6,4) (7,4) (8,2) (8,3) (2,2) (2,3) (6,5) (7,5) (9,2) (9,3) (6,6) (7,6) (6,7) (7,7) (10,2) (10,3) (6,8) (5,8) (7,8) (8,8) 
Nodos inspeccionados: (5,1) (5,2) (6,2) (4,2) (5,3) (6,3) (4,3) (7,2) (7,3) (3,2) (6,4) (3,3) (7,4) (8,2) (6,5) (8,3) (2,2) (2,3) (7,5) (6,6) (9,2) (9,3) (7,6) (6,7) (7,7) (10,2) 

Iteración: 27
Nodo actual: (6,8)
Nodos generados: (5,2) (4,2) (6,2) (5,3) (4,3) (6,3) (7,2) (7,3) (3,2) (3,3) (6,4) (7,4) (8,2) (8,3) (2,2) (2,3) (6,5) (7,5) (9,2) (9,3) (6,6) (7,6) (6,7) (7,7) (10,2) (10,3) (6,8) (5,8) (7,8) (8,8) (6,9) (5,9) (7,9) 
Nodos inspeccionados: (5,1) (5,2) (6,2) (4,2) (5,3) (6,3) (4,3) (7,2) (7,3) (3,2) (6,4) (3,3) (7,4) (8,2) (6,5) (8,3) (2,2) (2,3) (7,5) (6,6) (9,2) (9,3) (7,6) (6,7) (7,7) (10,2) (6,8) 

Iteración: 28
Nodo actual: (10,3)
Nodos generados: (5,2) (4,2) (6,2) (5,3) (4,3) (6,3) (7,2) (7,3) (3,2) (3,3) (6,4) (7,4) (8,2) (8,3) (2,2) (2,3) (6,5) (7,5) (9,2) (9,3) (6,6) (7,6) (6,7) (7,7) (10,2) (10,3) (6,8) (5,8) (7,8) (8,8) (6,9) (5,9) (7,9) 
Nodos inspeccionados: (5,1) (5,2) (6,2) (4,2) (5,3) (6,3) (4,3) (7,2) (7,3) (3,2) (6,4) (3,3) (7,4) (8,2) (6,5) (8,3) (2,2) (2,3) (7,5) (6,6) (9,2) (9,3) (7,6) (6,7) (7,7) (10,2) (6,8) (10,3) 

Iteración: 29
Nodo actual: (5,8)
Nodos generados: (5,2) (4,2) (6,2) (5,3) (4,3) (6,3) (7,2) (7,3) (3,2) (3,3) (6,4) (7,4) (8,2) (8,3) (2,2) (2,3) (6,5) (7,5) (9,2) (9,3) (6,6) (7,6) (6,7) (7,7) (10,2) (10,3) (6,8) (5,8) (7,8) (8,8) (6,9) (5,9) (7,9) (4,8) (4,9) 
Nodos inspeccionados: (5,1) (5,2) (6,2) (4,2) (5,3) (6,3) (4,3) (7,2) (7,3) (3,2) (6,4) (3,3) (7,4) (8,2) (6,5) (8,3) (2,2) (2,3) (7,5) (6,6) (9,2) (9,3) (7,6) (6,7) (7,7) (10,2) (6,8) (10,3) (5,8) 

Iteración: 30
Nodo actual: (7,8)
Nodos generados: (5,2) (4,2) (6,2) (5,3) (4,3) (6,3) (7,2) (7,3) (3,2) (3,3) (6,4) (7,4) (8,2) (8,3) (2,2) (2,3) (6,5) (7,5) (9,2) (9,3) (6,6) (7,6) (6,7) (7,7) (10,2) (10,3) (6,8) (5,8) (7,8) (8,8) (6,9) (5,9) (7,9) (4,8) (4,9) (8,9) 
Nodos inspeccionados: (5,1) (5,2) (6,2) (4,2) (5,3) (6,3) (4,3) (7,2) (7,3) (3,2) (6,4) (3,3) (7,4) (8,2) (6,5) (8,3) (2,2) (2,3) (7,5) (6,6) (9,2) (9,3) (7,6) (6,7) (7,7) (10,2) (6,8) (10,3) (5,8) (7,8) 

Iteración: 31
Nodo actual: (6,9)
Nodos generados: (5,2) (4,2) (6,2) (5,3) (4,3) (6,3) (7,2) (7,3) (3,2) (3,3) (6,4) (7,4) (8,2) (8,3) (2,2) (2,3) (6,5) (7,5) (9,2) (9,3) (6,6) (7,6) (6,7) (7,7) (10,2) (10,3) (6,8) (5,8) (7,8) (8,8) (6,9) (5,9) (7,9) (4,8) (4,9) (8,9) (6,10) 
Nodos inspeccionados: (5,1) (5,2) (6,2) (4,2) (5,3) (6,3) (4,3) (7,2) (7,3) (3,2) (6,4) (3,3) (7,4) (8,2) (6,5) (8,3) (2,2) (2,3) (7,5) (6,6) (9,2) (9,3) (7,6) (6,7) (7,7) (10,2) (6,8) (10,3) (5,8) (7,8) (6,9) 

Iteración: 32
Nodo actual: (8,8)
Nodos generados: (5,2) (4,2) (6,2) (5,3) (4,3) (6,3) (7,2) (7,3) (3,2) (3,3) (6,4) (7,4) (8,2) (8,3) (2,2) (2,3) (6,5) (7,5) (9,2) (9,3) (6,6) (7,6) (6,7) (7,7) (10,2) (10,3) (6,8) (5,8) (7,8) (8,8) (6,9) (5,9) (7,9) (4,8) (4,9) (8,9) (6,10) (9,8) (9,7) (9,9) 
Nodos inspeccionados: (5,1) (5,2) (6,2) (4,2) (5,3) (6,3) (4,3) (7,2) (7,3) (3,2) (6,4) (3,3) (7,4) (8,2) (6,5) (8,3) (2,2) (2,3) (7,5) (6,6) (9,2) (9,3) (7,6) (6,7) (7,7) (10,2) (6,8) (10,3) (5,8) (7,8) (6,9) (8,8) 

Iteración: 33
Nodo actual: (5,9)
Nodos generados: (5,2) (4,2) (6,2) (5,3) (4,3) (6,3) (7,2) (7,3) (3,2) (3,3) (6,4) (7,4) (8,2) (8,3) (2,2) (2,3) (6,5) (7,5) (9,2) (9,3) (6,6) (7,6) (6,7) (7,7) (10,2) (10,3) (6,8) (5,8) (7,8) (8,8) (6,9) (5,9) (7,9) (4,8) (4,9) (8,9) (6,10) (9,8) (9,7) (9,9) 
Nodos inspeccionados: (5,1) (5,2) (6,2) (4,2) (5,3) (6,3) (4,3) (7,2) (7,3) (3,2) (6,4) (3,3) (7,4) (8,2) (6,5) (8,3) (2,2) (2,3) (7,5) (6,6) (9,2) (9,3) (7,6) (6,7) (7,7) (10,2) (6,8) (10,3) (5,8) (7,8) (6,9) (8,8) (5,9) 

Iteración: 34
Nodo actual: (7,9)
Nodos generados: (5,2) (4,2) (6,2) (5,3) (4,3) (6,3) (7,2) (7,3) (3,2) (3,3) (6,4) (7,4) (8,2) (8,3) (2,2) (2,3) (6,5) (7,5) (9,2) (9,3) (6,6) (7,6) (6,7) (7,7) (10,2) (10,3) (6,8) (5,8) (7,8) (8,8) (6,9) (5,9) (7,9) (4,8) (4,9) (8,9) (6,10) (9,8) (9,7) (9,9) 
Nodos inspeccionados: (5,1) (5,2) (6,2) (4,2) (5,3) (6,3) (4,3) (7,2) (7,3) (3,2) (6,4) (3,3) (7,4) (8,2) (6,5) (8,3) (2,2) (2,3) (7,5) (6,6) (9,2) (9,3) (7,6) (6,7) (7,7) (10,2) (6,8) (10,3) (5,8) (7,8) (6,9) (8,8) (5,9) (7,9) 

Iteración: 35
Nodo actual: (6,10)
Nodos generados: -
Nodos inspeccionados: 6,10
🧱🧱🧱🧱🧱🧱🧱🧱🧱🧱
🧱⬜⬜🧱⬜⬜⬜⬜⬜🧱
🧱⬜⬜🧱⬜⬜⬜⬜⬜🧱
🧱⬜⬜🧱⬜⬜🧱⬜⬜🧱
🚶🚶🚶🧱🧱🧱🧱⬜⬜🧱
🧱⬜⬜🚶🚶🚶🚶🚶🚶🚶
🧱⬜⬜⬜⬜⬜⬜⬜⬜🧱
🧱⬜⬜🧱🧱🧱🧱⬜⬜🧱
🧱⬜⬜🧱⬜⬜⬜⬜⬜🧱
🧱⬜⬜🧱⬜⬜⬜⬜⬜🧱
🧱🧱🧱🧱🧱🧱🧱🧱🧱🧱
Camino: (5,1) (5,2) (5,3) (6,4) (6,5) (6,6) (6,7) (6,8) (6,9) (6,10) 
Coste: 47