Maze: M_1.txt
██████████
█░░█░░░░░█
█░░█░░░░░█
█░░█░░█░░█
E░░████░░█
█░░░░░░░░S
█░░░░░░░░█
█░░████░░█
█░░█░░░░░█
█░░█░░░░░█
██████████

Iteración: 1
Nodo actual: (5,1)
Nodos generados: (5,2) (4,2) (6,2) 
Nodos inspeccionados: (5,1) 

Iteración: 2
Nodo actual: (5,2)
Nodos generados: (5,2) (4,2) (6,2) (5,3) (4,3) (6,3) 
Nodos inspeccionados: (5,1) (5,2) 

Iteración: 3
Nodo actual: (4,2)
Nodos generados: (5,2) (4,2) (6,2) (5,3) (4,3) (6,3) (3,2) (3,3) 
Nodos inspeccionados: (5,1) (5,2) (4,2) 

Iteración: 4
Nodo actual: (6,2)
Nodos generados: (5,2) (4,2) (6,2) (5,3) (4,3) (6,3) (3,2) (3,3) (7,2) (7,3) 
Nodos inspeccionados: (5,1) (5,2) (4,2) (6,2) 

Iteración: 5
Nodo actual: (5,3)
Nodos generados: (5,2) (4,2) (6,2) (5,3) (4,3) (6,3) (3,2) (3,3) (7,2) (7,3) (6,4) 
Nodos inspeccionados: (5,1) (5,2) (4,2) (6,2) (5,3) 

Iteración: 6
Nodo actual: (4,3)
Nodos generados: (5,2) (4,2) (6,2) (5,3) (4,3) (6,3) (3,2) (3,3) (7,2) (7,3) (6,4) 
Nodos inspeccionados: (5,1) (5,2) (4,2) (6,2) (5,3) (4,3) 

Iteración: 7
Nodo actual: (6,3)
Nodos generados: (5,2) (4,2) (6,2) (5,3) (4,3) (6,3) (3,2) (3,3) (7,2) (7,3) (6,4) (7,4) 
Nodos inspeccionados: (5,1) (5,2) (4,2) (6,2) (5,3) (4,3) (6,3) 

Iteración: 8
Nodo actual: (3,2)
Nodos generados: (5,2) (4,2) (6,2) (5,3) (4,3) (6,3) (3,2) (3,3) (7,2) (7,3) (6,4) (7,4) (2,2) (2,3) 
Nodos inspeccionados: (5,1) (5,2) (4,2) (6,2) (5,3) (4,3) (6,3) (3,2) 

Iteración: 9
Nodo actual: (7,2)
Nodos generados: (5,2) (4,2) (6,2) (5,3) (4,3) (6,3) (3,2) (3,3) (7,2) (7,3) (6,4) (7,4) (2,2) (2,3) (8,2) (8,3) 
Nodos inspeccionados: (5,1) (5,2) (4,2) (6,2) (5,3) (4,3) (6,3) (3,2) (7,2) 

Iteración: 10
Nodo actual: (3,3)
Nodos generados: (5,2) (4,2) (6,2) (5,3) (4,3) (6,3) (3,2) (3,3) (7,2) (7,3) (6,4) (7,4) (2,2) (2,3) (8,2) (8,3) 
Nodos inspeccionados: (5,1) (5,2) (4,2) (6,2) (5,3) (4,3) (6,3) (3,2) (7,2) (3,3) 

Iteración: 11
Nodo actual: (7,3)
Nodos generados: (5,2) (4,2) (6,2) (5,3) (4,3) (6,3) (3,2) (3,3) (7,2) (7,3) (6,4) (7,4) (2,2) (2,3) (8,2) (8,3) 
Nodos inspeccionados: (5,1) (5,2) (4,2) (6,2) (5,3) (4,3) (6,3) (3,2) (7,2) (3,3) (7,3) 

Iteración: 12
Nodo actual: (6,4)
Nodos generados: (5,2) (4,2) (6,2) (5,3) (4,3) (6,3) (3,2) (3,3) (7,2) (7,3) (6,4) (7,4) (2,2) (2,3) (8,2) (8,3) (6,5) (7,5) 
Nodos inspeccionados: (5,1) (5,2) (4,2) (6,2) (5,3) (4,3) (6,3) (3,2) (7,2) (3,3) (7,3) (6,4) 

Iteración: 13
Nodo actual: (7,4)
Nodos generados: (5,2) (4,2) (6,2) (5,3) (4,3) (6,3) (3,2) (3,3) (7,2) (7,3) (6,4) (7,4) (2,2) (2,3) (8,2) (8,3) (6,5) (7,5) 
Nodos inspeccionados: (5,1) (5,2) (4,2) (6,2) (5,3) (4,3) (6,3) (3,2) (7,2) (3,3) (7,3) (6,4) (7,4) 

Iteración: 14
Nodo actual: (2,2)
Nodos generados: (5,2) (4,2) (6,2) (5,3) (4,3) (6,3) (3,2) (3,3) (7,2) (7,3) (6,4) (7,4) (2,2) (2,3) (8,2) (8,3) (6,5) (7,5) 
Nodos inspeccionados: (5,1) (5,2) (4,2) (6,2) (5,3) (4,3) (6,3) (3,2) (7,2) (3,3) (7,3) (6,4) (7,4) (2,2) 

Iteración: 15
Nodo actual: (8,2)
Nodos generados: (5,2) (4,2) (6,2) (5,3) (4,3) (6,3) (3,2) (3,3) (7,2) (7,3) (6,4) (7,4) (2,2) (2,3) (8,2) (8,3) (6,5) (7,5) (9,2) (9,3) 
Nodos inspeccionados: (5,1) (5,2) (4,2) (6,2) (5,3) (4,3) (6,3) (3,2) (7,2) (3,3) (7,3) (6,4) (7,4) (2,2) (8,2) 

Iteración: 16
Nodo actual: (8,3)
Nodos generados: (5,2) (4,2) (6,2) (5,3) (4,3) (6,3) (3,2) (3,3) (7,2) (7,3) (6,4) (7,4) (2,2) (2,3) (8,2) (8,3) (6,5) (7,5) (9,2) (9,3) 
Nodos inspeccionados: (5,1) (5,2) (4,2) (6,2) (5,3) (4,3) (6,3) (3,2) (7,2) (3,3) (7,3) (6,4) (7,4) (2,2) (8,2) (8,3) 

Iteración: 17
Nodo actual: (2,3)
Nodos generados: (5,2) (4,2) (6,2) (5,3) (4,3) (6,3) (3,2) (3,3) (7,2) (7,3) (6,4) (7,4) (2,2) (2,3) (8,2) (8,3) (6,5) (7,5) (9,2) (9,3) 
Nodos inspeccionados: (5,1) (5,2) (4,2) (6,2) (5,3) (4,3) (6,3) (3,2) (7,2) (3,3) (7,3) (6,4) (7,4) (2,2) (8,2) (8,3) (2,3) 

Iteración: 18
Nodo actual: (6,5)
Nodos generados: (5,2) (4,2) (6,2) (5,3) (4,3) (6,3) (3,2) (3,3) (7,2) (7,3) (6,4) (7,4) (2,2) (2,3) (8,2) (8,3) (6,5) (7,5) (9,2) (9,3) (6,6) (7,6) 
Nodos inspeccionados: (5,1) (5,2) (4,2) (6,2) (5,3) (4,3) (6,3) (3,2) (7,2) (3,3) (7,3) (6,4) (7,4) (2,2) (8,2) (8,3) (2,3) (6,5) 

Iteración: 19
Nodo actual: (7,5)
Nodos generados: (5,2) (4,2) (6,2) (5,3) (4,3) (6,3) (3,2) (3,3) (7,2) (7,3) (6,4) (7,4) (2,2) (2,3) (8,2) (8,3) (6,5) (7,5) (9,2) (9,3) (6,6) (7,6) 
Nodos inspeccionados: (5,1) (5,2) (4,2) (6,2) (5,3) (4,3) (6,3) (3,2) (7,2) (3,3) (7,3) (6,4) (7,4) (2,2) (8,2) (8,3) (2,3) (6,5) (7,5) 

Iteración: 20
Nodo actual: (9,2)
Nodos generados: (5,2) (4,2) (6,2) (5,3) (4,3) (6,3) (3,2) (3,3) (7,2) (7,3) (6,4) (7,4) (2,2) (2,3) (8,2) (8,3) (6,5) (7,5) (9,2) (9,3) (6,6) (7,6) (10,2) (10,3) 
Nodos inspeccionados: (5,1) (5,2) (4,2) (6,2) (5,3) (4,3) (6,3) (3,2) (7,2) (3,3) (7,3) (6,4) (7,4) (2,2) (8,2) (8,3) (2,3) (6,5) (7,5) (9,2) 

Iteración: 21
Nodo actual: (9,3)
Nodos generados: (5,2) (4,2) (6,2) (5,3) (4,3) (6,3) (3,2) (3,3) (7,2) (7,3) (6,4) (7,4) (2,2) (2,3) (8,2) (8,3) (6,5) (7,5) (9,2) (9,3) (6,6) (7,6) (10,2) (10,3) 
Nodos inspeccionados: (5,1) (5,2) (4,2) (6,2) (5,3) (4,3) (6,3) (3,2) (7,2) (3,3) (7,3) (6,4) (7,4) (2,2) (8,2) (8,3) (2,3) (6,5) (7,5) (9,2) (9,3) 

Iteración: 22
Nodo actual: (6,6)
Nodos generados: (5,2) (4,2) (6,2) (5,3) (4,3) (6,3) (3,2) (3,3) (7,2) (7,3) (6,4) (7,4) (2,2) (2,3) (8,2) (8,3) (6,5) (7,5) (9,2) (9,3) (6,6) (7,6) (10,2) (10,3) (6,7) (7,7) 
Nodos inspeccionados: (5,1) (5,2) (4,2) (6,2) (5,3) (4,3) (6,3) (3,2) (7,2) (3,3) (7,3) (6,4) (7,4) (2,2) (8,2) (8,3) (2,3) (6,5) (7,5) (9,2) (9,3) (6,6) 

Iteración: 23
Nodo actual: (7,6)
Nodos generados: (5,2) (4,2) (6,2) (5,3) (4,3) (6,3) (3,2) (3,3) (7,2) (7,3) (6,4) (7,4) (2,2) (2,3) (8,2) (8,3) (6,5) (7,5) (9,2) (9,3) (6,6) (7,6) (10,2) (10,3) (6,7) (7,7) 
Nodos inspeccionados: (5,1) (5,2) (4,2) (6,2) (5,3) (4,3) (6,3) (3,2) (7,2) (3,3) (7,3) (6,4) (7,4) (2,2) (8,2) (8,3) (2,3) (6,5) (7,5) (9,2) (9,3) (6,6) (7,6) 

Iteración: 24
Nodo actual: (10,2)
Nodos generados: (5,2) (4,2) (6,2) (5,3) (4,3) (6,3) (3,2) (3,3) (7,2) (7,3) (6,4) (7,4) (2,2) (2,3) (8,2) (8,3) (6,5) (7,5) (9,2) (9,3) (6,6) (7,6) (10,2) (10,3) (6,7) (7,7) 
Nodos inspeccionados: (5,1) (5,2) (4,2) (6,2) (5,3) (4,3) (6,3) (3,2) (7,2) (3,3) (7,3) (6,4) (7,4) (2,2) (8,2) (8,3) (2,3) (6,5) (7,5) (9,2) (9,3) (6,6) (7,6) (10,2) 

Iteración: 25
Nodo actual: (6,7)
Nodos generados: (5,2) (4,2) (6,2) (5,3) (4,3) (6,3) (3,2) (3,3) (7,2) (7,3) (6,4) (7,4) (2,2) (2,3) (8,2) (8,3) (6,5) (7,5) (9,2) (9,3) (6,6) (7,6) (10,2) (10,3) (6,7) (7,7) (6,8) (5,8) (7,8) 
Nodos inspeccionados: (5,1) (5,2) (4,2) (6,2) (5,3) (4,3) (6,3) (3,2) (7,2) (3,3) (7,3) (6,4) (7,4) (2,2) (8,2) (8,3) (2,3) (6,5) (7,5) (9,2) (9,3) (6,6) (7,6) (10,2) (6,7) 

Iteración: 26
Nodo actual: (10,3)
Nodos generados: (5,2) (4,2) (6,2) (5,3) (4,3) (6,3) (3,2) (3,3) (7,2) (7,3) (6,4) (7,4) (2,2) (2,3) (8,2) (8,3) (6,5) (7,5) (9,2) (9,3) (6,6) (7,6) (10,2) (10,3) (6,7) (7,7) (6,8) (5,8) (7,8) 
Nodos inspeccionados: (5,1) (5,2) (4,2) (6,2) (5,3) (4,3) (6,3) (3,2) (7,2) (3,3) (7,3) (6,4) (7,4) (2,2) (8,2) (8,3) (2,3) (6,5) (7,5) (9,2) (9,3) (6,6) (7,6) (10,2) (6,7) (10,3) 

Iteración: 27
Nodo actual: (7,7)
Nodos generados: (5,2) (4,2) (6,2) (5,3) (4,3) (6,3) (3,2) (3,3) (7,2) (7,3) (6,4) (7,4) (2,2) (2,3) (8,2) (8,3) (6,5) (7,5) (9,2) (9,3) (6,6) (7,6) (10,2) (10,3) (6,7) (7,7) (6,8) (5,8) (7,8) (8,8) 
Nodos inspeccionados: (5,1) (5,2) (4,2) (6,2) (5,3) (4,3) (6,3) (3,2) (7,2) (3,3) (7,3) (6,4) (7,4) (2,2) (8,2) (8,3) (2,3) (6,5) (7,5) (9,2) (9,3) (6,6) (7,6) (10,2) (6,7) (10,3) (7,7) 

Iteración: 28
Nodo actual: (6,8)
Nodos generados: (5,2) (4,2) (6,2) (5,3) (4,3) (6,3) (3,2) (3,3) (7,2) (7,3) (6,4) (7,4) (2,2) (2,3) (8,2) (8,3) (6,5) (7,5) (9,2) (9,3) (6,6) (7,6) (10,2) (10,3) (6,7) (7,7) (6,8) (5,8) (7,8) (8,8) (6,9) (5,9) (7,9) 
Nodos inspeccionados: (5,1) (5,2) (4,2) (6,2) (5,3) (4,3) (6,3) (3,2) (7,2) (3,3) (7,3) (6,4) (7,4) (2,2) (8,2) (8,3) (2,3) (6,5) (7,5) (9,2) (9,3) (6,6) (7,6) (10,2) (6,7) (10,3) (7,7) (6,8) 

Iteración: 29
Nodo actual: (5,8)
Nodos generados: (5,2) (4,2) (6,2) (5,3) (4,3) (6,3) (3,2) (3,3) (7,2) (7,3) (6,4) (7,4) (2,2) (2,3) (8,2) (8,3) (6,5) (7,5) (9,2) (9,3) (6,6) (7,6) (10,2) (10,3) (6,7) (7,7) (6,8) (5,8) (7,8) (8,8) (6,9) (5,9) (7,9) (4,8) (4,9) 
Nodos inspeccionados: (5,1) (5,2) (4,2) (6,2) (5,3) (4,3) (6,3) (3,2) (7,2) (3,3) (7,3) (6,4) (7,4) (2,2) (8,2) (8,3) (2,3) (6,5) (7,5) (9,2) (9,3) (6,6) (7,6) (10,2) (6,7) (10,3) (7,7) (6,8) (5,8) 

Iteración: 30
Nodo actual: (7,8)
Nodos generados: (5,2) (4,2) (6,2) (5,3) (4,3) (6,3) (3,2) (3,3) (7,2) (7,3) (6,4) (7,4) (2,2) (2,3) (8,2) (8,3) (6,5) (7,5) (9,2) (9,3) (6,6) (7,6) (10,2) (10,3) (6,7) (7,7) (6,8) (5,8) (7,8) (8,8) (6,9) (5,9) (7,9) (4,8) (4,9) (8,9) 
Nodos inspeccionados: (5,1) (5,2) (4,2) (6,2) (5,3) (4,3) (6,3) (3,2) (7,2) (3,3) (7,3) (6,4) (7,4) (2,2) (8,2) (8,3) (2,3) (6,5) (7,5) (9,2) (9,3) (6,6) (7,6) (10,2) (6,7) (10,3) (7,7) (6,8) (5,8) (7,8) 

Iteración: 31
Nodo actual: (8,8)
Nodos generados: (5,2) (4,2) (6,2) (5,3) (4,3) (6,3) (3,2) (3,3) (7,2) (7,3) (6,4) (7,4) (2,2) (2,3) (8,2) (8,3) (6,5) (7,5) (9,2) (9,3) (6,6) (7,6) (10,2) (10,3) (6,7) (7,7) (6,8) (5,8) (7,8) (8,8) (6,9) (5,9) (7,9) (4,8) (4,9) (8,9) (9,8) (9,7) (9,9) 
Nodos inspeccionados: (5,1) (5,2) (4,2) (6,2) (5,3) (4,3) (6,3) (3,2) (7,2) (3,3) (7,3) (6,4) (7,4) (2,2) (8,2) (8,3) (2,3) (6,5) (7,5) (9,2) (9,3) (6,6) (7,6) (10,2) (6,7) (10,3) (7,7) (6,8) (5,8) (7,8) (8,8) 

Iteración: 32
Nodo actual: (6,9)
Nodos generados: (5,2) (4,2) (6,2) (5,3) (4,3) (6,3) (3,2) (3,3) (7,2) (7,3) (6,4) (7,4) (2,2) (2,3) (8,2) (8,3) (6,5) (7,5) (9,2) (9,3) (6,6) (7,6) (10,2) (10,3) (6,7) (7,7) (6,8) (5,8) (7,8) (8,8) (6,9) (5,9) (7,9) (4,8) (4,9) (8,9) (9,8) (9,7) (9,9) (6,10) 
Nodos inspeccionados: (5,1) (5,2) (4,2) (6,2) (5,3) (4,3) (6,3) (3,2) (7,2) (3,3) (7,3) (6,4) (7,4) (2,2) (8,2) (8,3) (2,3) (6,5) (7,5) (9,2) (9,3) (6,6) (7,6) (10,2) (6,7) (10,3) (7,7) (6,8) (5,8) (7,8) (8,8) (6,9) 

Iteración: 33
Nodo actual: (5,9)
Nodos generados: (5,2) (4,2) (6,2) (5,3) (4,3) (6,3) (3,2) (3,3) (7,2) (7,3) (6,4) (7,4) (2,2) (2,3) (8,2) (8,3) (6,5) (7,5) (9,2) (9,3) (6,6) (7,6) (10,2) (10,3) (6,7) (7,7) (6,8) (5,8) (7,8) (8,8) (6,9) (5,9) (7,9) (4,8) (4,9) (8,9) (9,8) (9,7) (9,9) (6,10) 
Nodos inspeccionados: (5,1) (5,2) (4,2) (6,2) (5,3) (4,3) (6,3) (3,2) (7,2) (3,3) (7,3) (6,4) (7,4) (2,2) (8,2) (8,3) (2,3) (6,5) (7,5) (9,2) (9,3) (6,6) (7,6) (10,2) (6,7) (10,3) (7,7) (6,8) (5,8) (7,8) (8,8) (6,9) (5,9) 

Iteración: 34
Nodo actual: (7,9)
Nodos generados: (5,2) (4,2) (6,2) (5,3) (4,3) (6,3) (3,2) (3,3) (7,2) (7,3) (6,4) (7,4) (2,2) (2,3) (8,2) (8,3) (6,5) (7,5) (9,2) (9,3) (6,6) (7,6) (10,2) (10,3) (6,7) (7,7) (6,8) (5,8) (7,8) (8,8) (6,9) (5,9) (7,9) (4,8) (4,9) (8,9) (9,8) (9,7) (9,9) (6,10) 
Nodos inspeccionados: (5,1) (5,2) (4,2) (6,2) (5,3) (4,3) (6,3) (3,2) (7,2) (3,3) (7,3) (6,4) (7,4) (2,2) (8,2) (8,3) (2,3) (6,5) (7,5) (9,2) (9,3) (6,6) (7,6) (10,2) (6,7) (10,3) (7,7) (6,8) (5,8) (7,8) (8,8) (6,9) (5,9) (7,9) 

Iteración: 35
Nodo actual: (4,8)
Nodos generados: (5,2) (4,2) (6,2) (5,3) (4,3) (6,3) (3,2) (3,3) (7,2) (7,3) (6,4) (7,4) (2,2) (2,3) (8,2) (8,3) (6,5) (7,5) (9,2) (9,3) (6,6) (7,6) (10,2) (10,3) (6,7) (7,7) (6,8) (5,8) (7,8) (8,8) (6,9) (5,9) (7,9) (4,8) (4,9) (8,9) (9,8) (9,7) (9,9) (6,10) (3,8) (3,7) (3,9) 
Nodos inspeccionados: (5,1) (5,2) (4,2) (6,2) (5,3) (4,3) (6,3) (3,2) (7,2) (3,3) (7,3) (6,4) (7,4) (2,2) (8,2) (8,3) (2,3) (6,5) (7,5) (9,2) (9,3) (6,6) (7,6) (10,2) (6,7) (10,3) (7,7) (6,8) (5,8) (7,8) (8,8) (6,9) (5,9) (7,9) (4,8) 

Iteración: 36
Nodo actual: (6,10)
Nodos generados: -
Nodos inspeccionados: 6,10

Path found:
██████████
█░░█░░░░░█
█░░█░░░░░█
█░░█░░█░░█
***████░░█
█░░*******
█░░░░░░░░█
█░░████░░█
█░░█░░░░░█
█░░█░░░░░█
██████████
Camino: (5,1) (5,2) (5,3) (6,4) (6,5) (6,6) (6,7) (6,8) (6,9) (6,10) | Total Cost: 47

Instancia	Filas	Columnas	Nodo-de-Entrada	Nodo-de-Salida	Camino	Coste	Nodos-Generados	  Nodos-Inspeccionados
1           11       10         (5,1)           (6,10)          a         0      3                  1
2           11       10         (5,1)           (6,10)          b         5      6                  2
3           11       10         (5,1)           (6,10)          c         7      8                  3
4           11       10         (5,1)           (6,10)          d         7     10                  4
5           11       10         (5,1)           (6,10)          e        10     11                  5
6           11       10         (5,1)           (6,10)          f        12     11                  6
7           11       10         (5,1)           (6,10)          g        12     12                  7
8           11       10         (5,1)           (6,10)          h        12     14                  8
9           11       10         (5,1)           (6,10)          i        12     16                  9
10          11       10         (5,1)           (6,10)          j        14     16                 10
11          11       10         (5,1)           (6,10)          k        14     16                 11
12          11       10         (5,1)           (6,10)          l        17     18                 12
13          11       10         (5,1)           (6,10)          m        19     18                 13
14          11       10         (5,1)           (6,10)          n        17     18                 14
15          11       10         (5,1)           (6,10)          o        17     20                 15
16          11       10         (5,1)           (6,10)          p        19     20                 16
17          11       10         (5,1)           (6,10)          q        19     20                 17
18          11       10         (5,1)           (6,10)          r        22     22                 18
19          11       10         (5,1)           (6,10)          s        24     22                 19
20          11       10         (5,1)           (6,10)          t        22     24                 20
21          11       10         (5,1)           (6,10)          u        24     24                 21
22          11       10         (5,1)           (6,10)          v        27     26                 22
23          11       10         (5,1)           (6,10)          w        29     26                 23
24          11       10         (5,1)           (6,10)          x        27     26                 24
25          11       10         (5,1)           (6,10)          y        32     29                 25
26          11       10         (5,1)           (6,10)          z        29     29                 26
27          11       10         (5,1)           (6,10)          A        34     30                 27
28          11       10         (5,1)           (6,10)          B        37     33                 28
29          11       10         (5,1)           (6,10)          C        39     35                 29
30          11       10         (5,1)           (6,10)          D        39     36                 30
31          11       10         (5,1)           (6,10)          E        41     39                 31
32          11       10         (5,1)           (6,10)          F        42     40                 32
33          11       10         (5,1)           (6,10)          G        44     40                 33
34          11       10         (5,1)           (6,10)          H        44     40                 34
35          11       10         (5,1)           (6,10)          I        44     43                 35
36          11       10         (5,1)           (6,10)          J        47     43                 36

Caminos:
a           [(5,1)]
b           [(5,1), (5,2)]
c           [(5,1), (5,2), (4,2)]
d           [(5,1), (5,2), (4,2), (6,2)]
e           [(5,1), (5,2), (4,2), (6,2), (5,3)]
f           [(5,1), (5,2), (4,2), (6,2), (5,3), (4,3)]
g           [(5,1), (5,2), (4,2), (6,2), (5,3), (4,3), (6,3)]
h           [(5,1), (5,2), (4,2), (6,2), (5,3), (4,3), (6,3), (3,2)]
i           [(5,1), (5,2), (4,2), (6,2), (5,3), (4,3), (6,3), (3,2), (7,2)]
j           [(5,1), (5,2), (4,2), (6,2), (5,3), (4,3), (6,3), (3,2), (7,2), (3,3)]
k           [(5,1), (5,2), (4,2), (6,2), (5,3), (4,3), (6,3), (3,2), (7,2), (3,3), (7,3)]
l           [(5,1), (5,2), (4,2), (6,2), (5,3), (4,3), (6,3), (3,2), (7,2), (3,3), (7,3), (6,4)]
m           [(5,1), (5,2), (4,2), (6,2), (5,3), (4,3), (6,3), (3,2), (7,2), (3,3), (7,3), (6,4), (7,4)]
n           [(5,1), (5,2), (4,2), (6,2), (5,3), (4,3), (6,3), (3,2), (7,2), (3,3), (7,3), (6,4), (7,4), (2,2)]
o           [(5,1), (5,2), (4,2), (6,2), (5,3), (4,3), (6,3), (3,2), (7,2), (3,3), (7,3), (6,4), (7,4), (2,2), (8,2)]
p           [(5,1), (5,2), (4,2), (6,2), (5,3), (4,3), (6,3), (3,2), (7,2), (3,3), (7,3), (6,4), (7,4), (2,2), (8,2), (8,3)]
q           [(5,1), (5,2), (4,2), (6,2), (5,3), (4,3), (6,3), (3,2), (7,2), (3,3), (7,3), (6,4), (7,4), (2,2), (8,2), (8,3), (2,3)]
r           [(5,1), (5,2), (4,2), (6,2), (5,3), (4,3), (6,3), (3,2), (7,2), (3,3), (7,3), (6,4), (7,4), (2,2), (8,2), (8,3), (2,3), (6,5)]
s           [(5,1), (5,2), (4,2), (6,2), (5,3), (4,3), (6,3), (3,2), (7,2), (3,3), (7,3), (6,4), (7,4), (2,2), (8,2), (8,3), (2,3), (6,5), (7,5)]
t           [(5,1), (5,2), (4,2), (6,2), (5,3), (4,3), (6,3), (3,2), (7,2), (3,3), (7,3), (6,4), (7,4), (2,2), (8,2), (8,3), (2,3), (6,5), (7,5), (9,2)]
u           [(5,1), (5,2), (4,2), (6,2), (5,3), (4,3), (6,3), (3,2), (7,2), (3,3), (7,3), (6,4), (7,4), (2,2), (8,2), (8,3), (2,3), (6,5), (7,5), (9,2), (9,3)]
v           [(5,1), (5,2), (4,2), (6,2), (5,3), (4,3), (6,3), (3,2), (7,2), (3,3), (7,3), (6,4), (7,4), (2,2), (8,2), (8,3), (2,3), (6,5), (7,5), (9,2), (9,3), (6,6)]
w           [(5,1), (5,2), (4,2), (6,2), (5,3), (4,3), (6,3), (3,2), (7,2), (3,3), (7,3), (6,4), (7,4), (2,2), (8,2), (8,3), (2,3), (6,5), (7,5), (9,2), (9,3), (6,6), (7,6)]
x           [(5,1), (5,2), (4,2), (6,2), (5,3), (4,3), (6,3), (3,2), (7,2), (3,3), (7,3), (6,4), (7,4), (2,2), (8,2), (8,3), (2,3), (6,5), (7,5), (9,2), (9,3), (6,6), (7,6), (10,2)]
y           [(5,1), (5,2), (4,2), (6,2), (5,3), (4,3), (6,3), (3,2), (7,2), (3,3), (7,3), (6,4), (7,4), (2,2), (8,2), (8,3), (2,3), (6,5), (7,5), (9,2), (9,3), (6,6), (7,6), (10,2), (6,7)]
z           [(5,1), (5,2), (4,2), (6,2), (5,3), (4,3), (6,3), (3,2), (7,2), (3,3), (7,3), (6,4), (7,4), (2,2), (8,2), (8,3), (2,3), (6,5), (7,5), (9,2), (9,3), (6,6), (7,6), (10,2), (6,7), (10,3)]
A           [(5,1), (5,2), (4,2), (6,2), (5,3), (4,3), (6,3), (3,2), (7,2), (3,3), (7,3), (6,4), (7,4), (2,2), (8,2), (8,3), (2,3), (6,5), (7,5), (9,2), (9,3), (6,6), (7,6), (10,2), (6,7), (10,3), (7,7)]
B           [(5,1), (5,2), (4,2), (6,2), (5,3), (4,3), (6,3), (3,2), (7,2), (3,3), (7,3), (6,4), (7,4), (2,2), (8,2), (8,3), (2,3), (6,5), (7,5), (9,2), (9,3), (6,6), (7,6), (10,2), (6,7), (10,3), (7,7), (6,8)]
C           [(5,1), (5,2), (4,2), (6,2), (5,3), (4,3), (6,3), (3,2), (7,2), (3,3), (7,3), (6,4), (7,4), (2,2), (8,2), (8,3), (2,3), (6,5), (7,5), (9,2), (9,3), (6,6), (7,6), (10,2), (6,7), (10,3), (7,7), (6,8), (5,8)]
D           [(5,1), (5,2), (4,2), (6,2), (5,3), (4,3), (6,3), (3,2), (7,2), (3,3), (7,3), (6,4), (7,4), (2,2), (8,2), (8,3), (2,3), (6,5), (7,5), (9,2), (9,3), (6,6), (7,6), (10,2), (6,7), (10,3), (7,7), (6,8), (5,8), (7,8)]
E           [(5,1), (5,2), (4,2), (6,2), (5,3), (4,3), (6,3), (3,2), (7,2), (3,3), (7,3), (6,4), (7,4), (2,2), (8,2), (8,3), (2,3), (6,5), (7,5), (9,2), (9,3), (6,6), (7,6), (10,2), (6,7), (10,3), (7,7), (6,8), (5,8), (7,8), (8,8)]
F           [(5,1), (5,2), (4,2), (6,2), (5,3), (4,3), (6,3), (3,2), (7,2), (3,3), (7,3), (6,4), (7,4), (2,2), (8,2), (8,3), (2,3), (6,5), (7,5), (9,2), (9,3), (6,6), (7,6), (10,2), (6,7), (10,3), (7,7), (6,8), (5,8), (7,8), (8,8), (6,9)]
G           [(5,1), (5,2), (4,2), (6,2), (5,3), (4,3), (6,3), (3,2), (7,2), (3,3), (7,3), (6,4), (7,4), (2,2), (8,2), (8,3), (2,3), (6,5), (7,5), (9,2), (9,3), (6,6), (7,6), (10,2), (6,7), (10,3), (7,7), (6,8), (5,8), (7,8), (8,8), (6,9), (5,9)]
H           [(5,1), (5,2), (4,2), (6,2), (5,3), (4,3), (6,3), (3,2), (7,2), (3,3), (7,3), (6,4), (7,4), (2,2), (8,2), (8,3), (2,3), (6,5), (7,5), (9,2), (9,3), (6,6), (7,6), (10,2), (6,7), (10,3), (7,7), (6,8), (5,8), (7,8), (8,8), (6,9), (5,9), (7,9)]
I           [(5,1), (5,2), (4,2), (6,2), (5,3), (4,3), (6,3), (3,2), (7,2), (3,3), (7,3), (6,4), (7,4), (2,2), (8,2), (8,3), (2,3), (6,5), (7,5), (9,2), (9,3), (6,6), (7,6), (10,2), (6,7), (10,3), (7,7), (6,8), (5,8), (7,8), (8,8), (6,9), (5,9), (7,9), (4,8)]
J           [(5,1), (5,2), (4,2), (6,2), (5,3), (4,3), (6,3), (3,2), (7,2), (3,3), (7,3), (6,4), (7,4), (2,2), (8,2), (8,3), (2,3), (6,5), (7,5), (9,2), (9,3), (6,6), (7,6), (10,2), (6,7), (10,3), (7,7), (6,8), (5,8), (7,8), (8,8), (6,9), (5,9), (7,9), (4,8), (6,10)]
