Instancia	Filas	Columnas	Nodo-de-Entrada	Nodo-de-Salida	Camino	Coste	Nodos-Generados	  Nodos-Inspeccionados
36          11       10         (5,1)           (6,10)          J        47     43                 36
137         17       17         (5,1)           (13,17)         u        103    152                137
14          5        5          (5,5)           (2,1)           n        36     14                 14

J   [(5,1), (5,2), (4,2), (6,2), (5,3), (4,3), (6,3), (3,2), (7,2), (3,3), (7,3), (6,4), (7,4), (2,2), (8,2), (8,3), 
    (2,3), (6,5), (7,5), (9,2), (9,3), (6,6), (7,6), (10,2), (6,7), (10,3), (7,7), (6,8), (5,8), (7,8), (8,8), (6,9), 
    (5,9), (7,9), (4,8), (6,10)]

    Path M_1.txt: 
    (5,1) (5,2) (5,3) (6,4) (6,5) (6,6) (6,7) (6,8) (6,9) (6,10) | Total Cost: 47


u   [(5,1), (5,2), (6,2), (4,2), (5,3), (6,3), (4,3), (7,2), (7,3), (3,2), (5,4), (3,3), (6,4), (4,4), (8,2), (7,4), 
    (8,3), (8,4), (3,4), (2,2), (2,3), (9,2), (2,4), (9,3), (9,4), (10,2), (10,3), (10,4), (10,5), (11,2), (11,3), 
    (11,4), (10,6), (11,5), (11,6), (12,2), (12,3), (10,7), (12,4), (12,5), (11,7), (12,6), (12,7), (13,2), (10,8), 
    (13,3), (13,4), (11,8), (12,8), (10,9), (14,2), (14,3), (11,9), (14,4), (12,9), (10,10), (11,10), (15,2), (9,10), 
    (15,3), (15,4), (12,10), (10,11), (13,10), (11,11), (9,11), (16,2), (12,11), (16,3), (8,10), (10,12), (8,11), 
    (16,4), (13,11), (11,12), (9,12), (14,10), (14,11), (12,12), (14,9), (8,12), (13,12), (7,10), (7,11), (7,12), 
    (14,12), (15,10), (15,11), (15,12), (15,9), (6,10), (14,8), (14,13), (6,11), (16,10), (15,8), (6,12), (15,13), 
    (16,11), (16,12), (16,9), (14,14), (16,13), (5,10), (14,7), (13,14), (15,14), (16,8), (5,11), (15,7), (5,12), 
    (14,15), (16,14), (16,7), (13,15), (15,15), (4,10), (12,14), (4,11), (14,6), (12,15), (14,16), (16,15), (4,9), 
    (15,6), (4,12), (13,16), (4,13), (15,16), (16,6), (12,16), (11,14), (3,10), (11,15), (16,16), (3,11), (13,17)]

    Path M_2.txt:
    (5,1) (6,2) (7,2) (8,3) (9,4) (10,5) (10,6) (10,7) (10,8) (10,9) (11,10) (12,11) (13,12) (14,13) (14,14) 
    (14,15) (14,16) (13,17) | Total Cost: 103
    

n   [(5,5), (4,5), (5,4), (4,4), (3,5), (4,3), (2,5), (2,4), (1,5), (1,4), (1,3), (1,2), (2,2), (2,1)]

    Path M_3.txt:
    (5,5) (4,5) (3,5) (2,4) (1,3) (1,2) (2,1) | Total Cost: 36


